# This is the Torsional Distribution file for GOLD
# ================================================
# Automatically generated from MIMUMBA format.

START_HEADER

N_BINS = 36
MAX_PEAK_SIZE = 0
REMOVE_HIGH_ENERGY = 0
DELTA_E = 2.5
USE_PROBS = 0
EL_TYPE_WT = 1.5
SYB_TYPE_WT = 2.0
FRAG_WT = 3.0
H_CNT_WT = 2.0
LINKAGE_WT = 0.5

END_HEADER

START_TORSIONS

MIMUMBA 25.1
C.2 | =C.2 (H) | -C.2 (H) | =C.2 | expand 0.0 180.0
 71 0 0 0 0 0 0 0 0 0 0 0 0 0 0 0 0 0 0 0 0 0 0 0 0 0 0 0 0 0 0 0 0 0 2 16

MIMUMBA 25.2
C.2 | =C.2 (Hev) | -C.2 (H) | =C.2 | expand 0.0 180.0
 24 0 0 0 0 0 0 0 0 0 0 0 0 0 0 0 0 0 0 0 0 0 0 1 1 0 0 0 0 0 0 0 0 0 0 7

MIMUMBA 25.3
C.2 | =C.2 (Hev) | -C.2 (Hev) | =C.2 | expand 0.0 180.0
 1 0 0 0 0 0 0 0 0 0 0 0 0 0 0 0 0 0 0 0 0 0 1 0 1 1 0 0 0 0 0 0 0 0 0 0

MIMUMBA 49.1
C.2 | =C.2 | -O.3 | -C.2 (C =O.2) | expand 0.0 180.0
 3 0 0 0 0 0 0 0 0 0 0 0 0 0 0 0 0 0 0 0 0 0 0 0 0 0 0 0 0 0 0 0 0 0 0 0

MIMUMBA 51.1
C.2 (Hev Hev) | =N.2 | -O.3 | -C.2 (=O.2) | expand 0.0 180.0
 14 0 0 0 0 0 0 0 0 0 0 0 0 0 0 0 0 0 0 0 0 0 0 0 0 0 0 0 0 0 0 0 0 1 2 9

MIMUMBA 39.1
C.3 | -C.3 (H H) | -C.2 (H) | =C.2 | expand 0.0 180.0
 4 0 0 0 0 0 0 0 0 0 0 0 0 0 0 0 0 0 5 0 0 0 1 0 1 3 0 4 6 10 16 5 5 4 4 13

MIMUMBA 37.1
C | -C.2 (=O.2) | -C.2 (H) | =C.2 | expand 0.0 180.0
 9 0 0 0 0 0 0 0 0 0 0 0 0 0 0 0 0 0 60 37 15 3 0 3 1 1 0 1 1 0 0 0 0 0 1 4

MIMUMBA 72.1
C | -C.3 (H H) | -C.2 (=O.2) | -C | expand 0.0 180.0
 75 0 0 0 0 0 0 0 0 0 0 0 0 0 0 0 0 0 1 0 0 0 0 2 1 4 3 1 3 3 2 2 4 8 30 73

MIMUMBA 35.1
C | -C.3 (C C) | -C.2 (H) | =C.2 | expand 0.0 60.0 | period 0.0 120.0
 0 0 0 0 0 0 0 0 0 0 0 0 0 0 0 0 0 0 4 3 0 1 0 1 0 0 0 0 0 0 0 0 0 0 0 0

MIMUMBA 35.2
C | -C.3 (C C) | -C.2 (Hev) | =C.2 | expand 0.0 60.0 | period 0.0 120.0
 0 0 0 0 0 0 0 0 0 0 0 0 0 0 0 0 0 0 13 6 3 5 3 3 4 0 0 0 0 0 0 0 0 0 0 0

MIMUMBA 66.1
C | -C.3 (H H) | -C.2 (H) | =C.2 (C C) | expand 0.0 180.0
 5 0 0 0 0 0 0 0 0 0 0 0 0 0 0 0 0 0 24 14 8 3 4 1 2 3 7 10 13 15 20 14 14 8 6 7

MIMUMBA 28.1
C | -C.3 (H H) | -C.2 (H) | =C.2 | expand 0.0 180.0
 2 0 0 0 0 0 0 0 0 0 0 0 0 0 0 0 0 0 9 1 0 0 0 0 1 2 2 5 10 19 35 26 8 8 7 6

MIMUMBA 28.2
C | -C.3 (H H) | -C.2 (Hev) | =C.2 | expand 0.0 180.0
 0 0 0 0 0 0 0 0 0 0 0 0 0 0 0 0 0 0 5 5 2 1 0 0 0 1 2 5 11 22 24 1 0 0 0 0

MIMUMBA 85.1
C | -C.3 (H H) | -C.3 (H H) | -C.2 (=O.2 O.3) | expand 0.0 180.0
 95 0 0 0 0 0 0 0 0 0 0 0 0 0 0 0 0 0 0 0 0 0 0 1 7 17 2 2 1 0 0 1 1 2 2 37

MIMUMBA 85.1
C | -C.3 (H H) | -C.3 (H H) | -C.2 (O.co2 O.co2) | expand 0.0 180.0
 114 0 0 0 0 0 0 0 0 0 0 0 0 0 0 0 0 0 2 0 0 0 0 1 9 21 7 3 1 0 0 1 3 1 6 70

MIMUMBA 92.2
C | -C.3 (H H) | -C.3 (N H) | -C.2 | expand 0.0 180.0
 2 0 0 0 0 0 0 0 0 0 0 0 0 0 0 0 0 0 0 0 0 0 0 0 3 0 0 0 0 0 0 0 0 0 0 7

MIMUMBA 102.1
C | -C.3 (H H) | -C.3 (C H) | -C | expand 0.0 180.0
 266 0 0 0 0 0 0 0 0 0 0 0 0 0 0 0 0 0 37 16 14 4 29 176 496 269 79 31 17 13 21 23 29 52 179 466

MIMUMBA 73.1
C | -C.3 (H H) | -C.3 (H H) | -C | expand 0.0 180.0
 13 0 0 0 0 0 0 0 0 0 0 0 0 0 0 0 0 0 1 0 0 1 3 31 106 112 19 7 6 2 0 1 6 33 314 162

MIMUMBA 92.1
C | -C.3 (H H) | -C.3 (N H) | -C | expand 0.0 180.0
 133 0 0 0 0 0 0 0 0 0 0 0 0 0 0 0 0 0 0 0 0 1 1 39 103 103 13 4 1 1 0 2 2 4 24 136

MIMUMBA 93.1
C | -C.3 (H O.3) | -C.3 (H O.3) | -C | expand 0.0 180.0
 128 0 0 0 0 0 0 0 0 0 0 0 0 0 0 0 0 0 0 0 0 0 1 12 18 26 10 0 0 0 0 0 0 0 11 69

MIMUMBA 104.1
C | -C.3 (C H) | -N (H) | -C.2 (C =O.2) | expand 0.0 180.0
 18 0 0 0 0 0 0 0 0 0 0 0 0 0 0 0 0 0 0 0 0 0 0 4 28 38 48 40 48 45 26 52 42 44 44 31

MIMUMBA 120.6
C | -C.3 (H H) | -N (C.3) | -C.2 | expand 0.0 180.0
 2 0 0 0 0 0 0 0 0 0 0 0 0 0 0 0 0 0 2 3 1 1 0 3 12 16 76 183 102 46 22 15 5 3 4 4

MIMUMBA 120.5
C | -C.3 (H H) | -N (C.3) | -C.3 | expand 0.0 180.0
 663 0 0 0 0 0 0 0 0 0 0 0 0 0 0 0 0 0 1 2 7 11 24 347 320 295 46 22 9 7 11 3 5 30 42 296

MIMUMBA 65.1
C | -C.3 (H H) | -O.3 | -C.2 (C =O.2) | expand 0.0 180.0
 305 0 0 0 0 0 0 0 0 0 0 0 0 0 0 0 0 0 0 0 1 0 0 1 1 20 120 116 73 52 38 51 53 88 175 382

MIMUMBA 111.1
C | -C.3 (H H) | -Si | -C.3 | expand 0.0 180.0
 9 0 0 0 0 0 0 0 0 0 0 0 0 0 0 0 0 0 0 0 0 0 3 8 14 8 8 3 2 0 0 0 0 3 0 0

MIMUMBA 115.3
C | -N.3 (H) | -N.3 (H) | -C | expand 0.0 180.0
 16 0 0 0 0 0 0 0 0 0 0 0 0 0 0 0 0 0 0 0 0 0 0 0 0 4 4 4 6 8 6 0 0 1 0 1

MIMUMBA 115.4
C | -N.3 | -N.3 | -C | expand 0.0 180.0
 9 0 0 0 0 0 0 0 0 0 0 0 0 0 0 0 0 0 0 0 0 0 0 0 2 7 4 3 8 8 1 0 0 1 0 2

MIMUMBA 96.1
C | -N.4 (C C) | -C.3 (H H) | -C | expand 0.0 180.0
 764 0 0 0 0 0 0 0 0 0 0 0 0 0 0 0 0 0 3 8 9 15 43 449 555 346 45 31 7 9 11 3 12 10 31 355

MIMUMBA 129.1
C | -N (C) | -C.2 (O.2) | -C | expand 0.0 90.0 | period 0.0 180.0
 0 0 0 0 0 0 0 0 0 0 0 0 0 0 0 0 0 0 234 311 162 72 52 35 17 11 6 4 0 0 0 0 0 0 0 0

MIMUMBA 106.1
C | -N (O.3) | -C.2 (=O.2) | -C | expand 0.0 180.0
 7 0 0 0 0 0 0 0 0 0 0 0 0 0 0 0 0 0 2 0 1 0 0 1 0 0 0 0 0 0 0 0 0 0 1 3

MIMUMBA 50.1
C | -N | -C.2 | =C.2 | expand 0.0 90.0 | period 0.0 180.0
 0 0 0 0 0 0 0 0 0 0 0 0 0 0 0 0 0 0 72 14 0 0 0 1 1 0 0 0 0 0 0 0 0 0 0 0

MIMUMBA 120.4
C | -N (C.ar) | -C.3 (H H) | -C | expand 0.0 180.0
 0 0 0 0 0 0 0 0 0 0 0 0 0 0 0 0 0 0 0 0 0 0 0 0 3 4 18 53 30 7 6 1 1 2 0 0

MIMUMBA 33.1
C | -N (H) | -C.3 (H H) | -C | expand 0.0 180.0
 177 0 0 0 0 0 0 0 0 0 0 0 0 0 0 0 0 0 0 0 0 1 1 8 29 75 138 107 78 43 31 18 27 44 73 177

MIMUMBA 59.1
C | -O.3 | -C.2 (=O.2) | -C | expand 0.0 180.0
 557 0 0 0 0 0 0 0 0 0 0 0 0 0 0 0 0 0 1 0 0 1 1 1 0 0 2 2 0 2 0 0 4 18 67 0

MIMUMBA 22.1
C | -O.3 | -C.2 (H) | =C.2 | expand 0.0 180.0
 8 0 0 0 0 0 0 0 0 0 0 0 0 0 0 0 0 0 2 1 0 0 0 0 0 0 0 0 0 0 0 0 1 4 5 12

MIMUMBA 22.2
C | -O.3 | -C.2 (Hev) | =C.2 | expand 0.0 180.0
 2 0 0 0 0 0 0 0 0 0 0 0 0 0 0 0 0 0 14 6 1 3 0 2 3 2 2 5 9 15 11 5 7 1 6 7

MIMUMBA 52.1
C | -O.3 | -C.3 (H H) | -C | expand 0.0 180.0
 539 0 0 0 0 0 0 0 0 0 0 0 0 0 0 0 0 0 1 2 2 3 3 2 8 39 45 37 21 12 8 13 17 27 131 496

MIMUMBA 64.1
C | -O.3 | -N.2 | =C.2 | expand 0.0 180.0
 17 0 0 0 0 0 0 0 0 0 0 0 0 0 0 0 0 0 0 0 0 0 0 0 0 0 0 0 1 0 0 0 0 0 7 52

MIMUMBA 117.2
C | -O.3 | -N (C) | -C | expand 0.0 180.0
 0 0 0 0 0 0 0 0 0 0 0 0 0 0 0 0 0 0 0 0 0 0 0 0 0 0 2 1 2 0 2 0 1 0 0 0

MIMUMBA 117.1
C | -O.3 | -N (H) | -C | expand 0.0 180.0
 2 0 0 0 0 0 0 0 0 0 0 0 0 0 0 0 0 0 0 0 0 0 0 0 0 0 1 3 0 0 1 1 1 2 0 0

MIMUMBA 99.2
C | -S.3 | -C.3 (H H) | -C | expand 0.0 180.0
 50 0 0 0 0 0 0 0 0 0 0 0 0 0 0 0 0 0 0 0 0 0 1 4 47 80 110 38 10 5 6 6 8 5 21 50

MIMUMBA 100.2
C | -S.3 | -S.3 | -C | expand 0.0 180.0
 1 0 0 0 0 0 0 0 0 0 0 0 0 0 0 0 0 0 0 0 0 0 0 1 2 13 47 40 14 7 1 0 0 0 0 0

MIMUMBA 68.1
C | -S.o (=O.2) | -C.3 (H H) | -C | expand 0.0 180.0
 16 0 0 0 0 0 0 0 0 0 0 0 0 0 0 0 0 0 0 0 0 0 0 1 11 3 0 0 0 0 0 1 0 0 3 10

MIMUMBA 45.1
C | -S.o2 (=O.2 =O.2) | -C.2 | =C.2 | expand 0.0 180.0
 1 0 0 0 0 0 0 0 0 0 0 0 0 0 0 0 0 0 0 0 0 0 0 0 1 2 0 3 2 5 2 0 0 1 2 1

MIMUMBA 57.1
C | -S.o2 (=O.2 =O.2) | -C.3 (H H) | -C | expand 0.0 180.0
 31 0 0 0 0 0 0 0 0 0 0 0 0 0 0 0 0 0 0 0 0 0 0 2 6 27 3 1 0 0 0 0 0 3 2 8

MIMUMBA 53.3
C | -S.o2 (=O.2 =O.2) | -N (C) | -C | expand 0.0 180.0
 0 0 0 0 0 0 0 0 0 0 0 0 0 0 0 0 0 0 0 0 0 0 0 1 3 11 5 5 0 0 1 0 0 1 0 0

MIMUMBA 53.1
C | -S.o2 (=O.2 =O.2) | -N (H) | -C | expand 0.0 180.0
 1 0 0 0 0 0 0 0 0 0 0 0 0 0 0 0 0 0 0 0 1 0 3 12 65 79 48 23 23 21 12 3 2 1 0 3

MIMUMBA 58.1
C | -S.o2 (=O.2 =O.2) | -O.3 | -C | expand 0.0 180.0
 2 0 0 0 0 0 0 0 0 0 0 0 0 0 0 0 0 0 0 0 0 0 0 2 5 53 44 20 11 4 10 0 1 3 5 1

MIMUMBA 118.2
C.ar (C.ar C.ar) | -C.3 (H H) | -C.2 (C) | =C.2 | expand 0.0 180.0
 0 0 0 0 0 0 0 0 0 0 0 0 0 0 0 0 0 0 0 0 0 0 0 0 1 0 0 0 1 3 4 1 1 0 0 0

MIMUMBA 118.1
C.ar (C.ar C.ar) | -C.3 (H H) | -C.2 (H) | =C.2 | expand 0.0 180.0
 3 0 0 0 0 0 0 0 0 0 0 0 0 0 0 0 0 0 0 2 0 0 0 0 0 2 1 0 2 5 7 9 4 2 0 1

MIMUMBA 63.4-
C.ar | -O.3 | -C.3 (H H) | -C | expand 0.0 180.0
 450 0 0 0 0 0 0 0 0 0 0 0 0 0 0 0 0 0 0 0 30 0 0 0 1 20 28 66 31 0 0 1 42 41 192 313

MIMUMBA 42.1
C.ar (H) | ~C.ar (~C.ar (H)) | -C.2 (H) | =C.2 (C H) | expand 0.0 90.0 | period 0.0 180.0
 0 0 0 0 0 0 0 0 0 0 0 0 0 0 0 0 0 0 141 58 6 1 5 1 0 0 0 0 0 0 0 0 0 0 0 0

MIMUMBA 42.4
C.ar (H) | ~C.ar (~C.ar (H)) | -C.2 (H) | =C.2 (Hev C) | expand 0.0 90.0 | period 0.0 180.0
 0 0 0 0 0 0 0 0 0 0 0 0 0 0 0 0 0 0 5 7 10 11 11 7 8 8 5 1 0 0 0 0 0 0 0 0

MIMUMBA 26.1
C.ar (H) | ~C.ar (~C.ar (H)) | -C.2 (H) | =C.2 | expand 0.0 90.0 | period 0.0 180.0
 0 0 0 0 0 0 0 0 0 0 0 0 0 0 0 0 0 0 198 109 42 34 26 2 3 1 6 3 0 0 0 0 0 0 0 0

MIMUMBA 42.2
C.ar (H) | ~C.ar (~C.ar (Hev)) | -C.2 (H) | =C.2 (C H) | expand 0.0 180.0
 3 0 0 0 0 0 0 0 0 0 0 0 0 0 0 0 0 0 7 12 10 4 7 0 1 0 0 0 1 0 2 0 0 0 0 1

MIMUMBA 42.5
C.ar (H) | ~C.ar (~C.ar (Hev)) | -C.2 (H) | =C.2 (Hev C) | expand 0.0 180.0
 0 0 0 0 0 0 0 0 0 0 0 0 0 0 0 0 0 0 0 0 0 0 0 0 1 0 0 0 0 0 0 0 0 0 0 0

MIMUMBA 26.2
C.ar (H) | ~C.ar (~C.ar (Hev)) | -C.2 (H) | =C.2 | expand 0.0 180.0
 3 0 0 0 0 0 0 0 0 0 0 0 0 0 0 0 0 0 18 18 8 5 1 1 2 0 0 0 1 2 0 0 0 0 0 1

MIMUMBA 42.3
C.ar (Hev) | ~C.ar (~C.ar (Hev)) | -C.2 (H) | =C.2 (C H) | expand 0.0 90.0 | period 0.0 180.0
 0 0 0 0 0 0 0 0 0 0 0 0 0 0 0 0 0 0 0 0 0 0 2 3 4 0 0 0 0 0 0 0 0 0 0 0

MIMUMBA 42.6
C.ar (Hev) | ~C.ar (~C.ar (Hev)) | -C.2 (H) | =C.2 (Hev C) | expand 0.0 90.0 | period 0.0 180.0
 0 0 0 0 0 0 0 0 0 0 0 0 0 0 0 0 0 0 0 0 0 0 0 2 3 1 0 1 0 0 0 0 0 0 0 0

MIMUMBA 26.3
C.ar (Hev) | ~C.ar (~C.ar (Hev)) | -C.2 (H) | =C.2 | expand 0.0 90.0 | period 0.0 180.0
 0 0 0 0 0 0 0 0 0 0 0 0 0 0 0 0 0 0 0 0 0 0 4 5 0 0 0 0 0 0 0 0 0 0 0 0

MIMUMBA 124.1
C.ar (H) | ~C.ar (~C.ar (H)) | -C.3 (H H) | -C.2 (=Hev) | expand 0.0 90.0 | period 0.0 180.0
 0 0 0 0 0 0 0 0 0 0 0 0 0 0 0 0 0 0 0 12 14 13 9 33 46 42 41 59 0 0 0 0 0 0 0 0

MIMUMBA 124.2
C.ar (H) | ~C.ar (~C.ar (Hev)) | -C.3 (H H) | -C.2 (=Hev) | expand 0.0 180.0
 0 0 0 0 0 0 0 0 0 0 0 0 0 0 0 0 0 0 6 25 1 0 4 1 0 3 4 1 6 5 0 0 0 0 0 0

MIMUMBA 124.3
C.ar (Hev) | ~C.ar (~C.ar (Hev)) | -C.3 (H H) | -C.2 (=Hev) | expand 0.0 90.0 | period 0.0 180.0
 0 0 0 0 0 0 0 0 0 0 0 0 0 0 0 0 0 0 0 0 0 0 0 1 1 3 7 7 0 0 0 0 0 0 0 0

MIMUMBA 3.1/
C.ar (H) | ~C.ar (~C.ar (H)) | -C.3 (H H) | -C.3 | expand 0.0 90.0 | period 0.0 180.0
 0 0 0 0 0 0 0 0 0 0 0 0 0 0 0 0 0 0 19 22 25 17 24 44 107 150 264 89 0 0 0 0 0 0 0 0

MIMUMBA 3.2/
C.ar (H) | ~C.ar (~C.ar (Hev)) | -C.3 (H H) | -C.3 | expand 0.0 180.0
 0 0 0 0 0 0 0 0 0 0 0 0 0 0 0 0 0 0 3 7 8 7 2 2 2 2 13 29 29 16 2 0 0 0 0 0

MIMUMBA 3.3/
C.ar (Hev) | ~C.ar (~C.ar (Hev)) | -C.3 (H H) | -C.3 | expand 0.0 90.0 | period 0.0 180.0
 0 0 0 0 0 0 0 0 0 0 0 0 0 0 0 0 0 0 0 0 0 0 0 3 5 7 17 18 0 0 0 0 0 0 0 0

MIMUMBA 12.1
C.ar (H) | ~C.ar (~C.ar (H)) | -C.3 (C C) | -C | expand 0.0 30.0 | period 0.0 60.0
 0 0 0 0 0 0 0 0 0 0 0 0 0 0 0 0 0 0 557 528 424 183 0 0 0 0 0 0 0 0 0 0 0 0 0 0

MIMUMBA 12.2
C.ar (H) | ~C.ar (~C.ar (Hev)) | -C.3 (C C) | -C | expand 0.0 60.0 | period 0.0 120.0
 0 0 0 0 0 0 0 0 0 0 0 0 0 0 0 0 0 0 244 172 61 13 20 31 15 0 0 0 0 0 0 0 0 0 0 0

MIMUMBA 12.3
C.ar (Hev) | ~C.ar (~C.ar (Hev)) | -C.3 (C C) | -C | expand 0.0 30.0 | period 0.0 60.0
 0 0 0 0 0 0 0 0 0 0 0 0 0 0 0 0 0 0 14 15 13 21 0 0 0 0 0 0 0 0 0 0 0 0 0 0

MIMUMBA 20.1
C.ar (H) | ~C.ar (~C.ar (H)) | -C.ar (~C.ar (H)) | ~C.ar (H) | expand 0.0 90.0 | period 0.0 180.0
 0 0 0 0 0 0 0 0 0 0 0 0 0 0 0 0 0 0 80 43 29 54 25 4 2 1 0 0 0 0 0 0 0 0 0 0

MIMUMBA 20.2
C.ar (Hev) | ~C.ar (~C.ar (H)) | -C.ar (~C.ar (H)) | ~C.ar (H) | expand 0.0 90.0 | period 0.0 180.0
 0 0 0 0 0 0 0 0 0 0 0 0 0 0 0 0 0 0 1 1 2 2 18 66 17 5 2 0 0 0 0 0 0 0 0 0

MIMUMBA 20.4
C.ar (Hev) | ~C.ar (~C.ar (H)) | -C.ar (~C.ar (Hev)) | ~C.ar (H) | expand 0.0 180.0
 0 0 0 0 0 0 0 0 0 0 0 0 0 0 0 0 0 0 0 0 0 0 1 4 7 10 6 4 6 1 2 0 2 0 0 0

MIMUMBA 20.3
C.ar (Hev) | ~C.ar (~C.ar (Hev)) | -C.ar (~C.ar (H)) | ~C.ar (H) | expand 0.0 90.0 | period 0.0 180.0
 0 0 0 0 0 0 0 0 0 0 0 0 0 0 0 0 0 0 0 0 0 0 1 10 25 12 18 7 0 0 0 0 0 0 0 0

MIMUMBA 20.5
C.ar (Hev) | ~C.ar (~C.ar (Hev)) | -C.ar (~C.ar (Hev)) | ~C.ar (H) | expand 0.0 90.0 | period 0.0 180.0
 0 0 0 0 0 0 0 0 0 0 0 0 0 0 0 0 0 0 0 0 0 0 0 0 0 3 7 2 0 0 0 0 0 0 0 0

MIMUMBA 20.6
C.ar (Hev) | ~C.ar (~C.ar (Hev)) | -C.ar (~C.ar (Hev)) | ~C.ar (Hev) | expand 0.0 90.0 | period 0.0 180.0
 0 0 0 0 0 0 0 0 0 0 0 0 0 0 0 0 0 0 0 0 0 0 0 5 5 10 25 14 0 0 0 0 0 0 0 0

MIMUMBA 27.4
C.ar (H) | ~C.ar (~C.ar (H)) | -N.2 | =C.2 (C C) | expand 0.0 90.0 | period 0.0 180.0
 0 0 0 0 0 0 0 0 0 0 0 0 0 0 0 0 0 0 0 2 0 1 4 3 1 2 0 0 0 0 0 0 0 0 0 0

MIMUMBA 27.1
C.ar (H) | ~C.ar (~C.ar (H)) | -N.2 | =C.2 (C H) | expand 0.0 90.0 | period 0.0 180.0
 0 0 0 0 0 0 0 0 0 0 0 0 0 0 0 0 0 0 6 5 3 0 0 0 0 0 0 0 0 0 0 0 0 0 0 0

MIMUMBA 27.5
C.ar (H) | ~C.ar (~C.ar (Hev)) | -N.2 | =C.2 (C C) | expand 0.0 180.0
 0 0 0 0 0 0 0 0 0 0 0 0 0 0 0 0 0 0 0 0 0 0 0 0 0 0 0 1 0 0 1 0 0 0 0 0

MIMUMBA 27.2
C.ar (Hev) | ~C.ar (~C.ar (H)) | -N.2 | =C.2 (C H) | expand 0.0 180.0
 1 0 0 0 0 0 0 0 0 0 0 0 0 0 0 0 0 0 0 0 0 0 0 0 0 0 0 0 0 0 0 0 0 1 0 0

MIMUMBA 10.1
C.ar (H) | ~C.ar (~C.ar (H)) | -N | -C.2 (=O.2) | expand 0.0 90.0 | period 0.0 180.0
 0 0 0 0 0 0 0 0 0 0 0 0 0 0 0 0 0 0 27 40 23 28 12 4 0 0 0 0 0 0 0 0 0 0 0 0

MIMUMBA 10.2
C.ar (H) | ~C.ar (~C.ar (Hev)) | -N | -C.2 (=O.2) | expand 0.0 180.0
 0 0 0 0 0 0 0 0 0 0 0 0 0 0 0 0 0 0 16 24 14 9 10 10 1 0 0 0 0 1 2 2 0 0 1 0

MIMUMBA 10.3
C.ar (Hev) | ~C.ar (~C.ar (Hev)) | -N | -C.2 (=O.2) | expand 0.0 90.0 | period 0.0 180.0
 0 0 0 0 0 0 0 0 0 0 0 0 0 0 0 0 0 0 0 0 0 0 0 0 0 4 5 2 0 0 0 0 0 0 0 0

MIMUMBA 19.1
C.ar (H) | ~C.ar (~C.ar (H)) | -N (C) | -C | expand 0.0 90.0 | period 0.0 180.0
 0 0 0 0 0 0 0 0 0 0 0 0 0 0 0 0 0 0 240 90 32 34 28 38 61 31 37 15 0 0 0 0 0 0 0 0

MIMUMBA 62.1
C.ar (H) | ~C.ar (~C.ar (H)) | -N (H) | -C | expand 0.0 90.0 | period 0.0 180.0
 0 0 0 0 0 0 0 0 0 0 0 0 0 0 0 0 0 0 97 125 90 98 48 42 21 16 8 1 0 0 0 0 0 0 0 0

MIMUMBA 19.2
C.ar (H) | ~C.ar (~C.ar (Hev)) | -N (C) | -C | expand 0.0 90.0 | period 0.0 180.0
 0 0 0 0 0 0 0 0 0 0 0 0 0 0 0 0 0 0 4 7 10 6 4 6 3 5 5 3 0 0 0 0 0 0 0 0

MIMUMBA 62.2
C.ar (H) | ~C.ar (~C.ar (Hev)) | -N (H) | -C | expand 0.0 180.0
 0 0 0 0 0 0 0 0 0 0 0 0 0 0 0 0 0 0 72 85 31 17 17 23 3 2 0 2 3 6 2 3 1 0 1 0

MIMUMBA 19.3
C.ar (Hev) | ~C.ar (~C.ar (Hev)) | -N (C) | -C | expand 0.0 90.0 | period 0.0 180.0
 0 0 0 0 0 0 0 0 0 0 0 0 0 0 0 0 0 0 0 0 0 3 1 6 5 4 8 3 0 0 0 0 0 0 0 0

MIMUMBA 62.3
C.ar (Hev) | ~C.ar (~C.ar (Hev)) | -N (H) | -C | expand 0.0 90.0 | period 0.0 180.0
 0 0 0 0 0 0 0 0 0 0 0 0 0 0 0 0 0 0 4 9 6 6 1 6 6 9 8 3 0 0 0 0 0 0 0 0

MIMUMBA 11.1
C.ar (H) | ~C.ar (~C.ar (H)) | -O.3 | -C.2 (=O.2) | expand 0.0 90.0 | period 0.0 180.0
 0 0 0 0 0 0 0 0 0 0 0 0 0 0 0 0 0 0 0 1 3 1 5 12 18 22 19 4 0 0 0 0 0 0 0 0

MIMUMBA 11.2
C.ar (Hev) | ~C.ar (~C.ar (H)) | -O.3 | -C.2 (=O.2) | expand 0.0 180.0
 0 0 0 0 0 0 0 0 0 0 0 0 0 0 0 0 0 0 0 0 0 1 0 4 6 9 10 11 21 15 2 0 0 0 0 0

MIMUMBA 11.3
C.ar (Hev) | ~C.ar (~C.ar (Hev)) | -O.3 | -C.2 (=O.2) | expand 0.0 90.0 | period 0.0 180.0
 0 0 0 0 0 0 0 0 0 0 0 0 0 0 0 0 0 0 0 0 0 0 0 0 0 7 13 8 0 0 0 0 0 0 0 0

MIMUMBA 63.1
C.ar (H) | ~C.ar (~C.ar (H)) | -O.3 | -C.3 (C H H) | expand 0.0 90.0 | period 0.0 180.0
 0 0 0 0 0 0 0 0 0 0 0 0 0 0 0 0 0 0 184 63 4 1 0 1 0 0 0 0 0 0 0 0 0 0 0 0

MIMUMBA 1.1
C.ar (H) | ~C.ar (~C.ar (H)) | -O.3 | -C.3 | expand 0.0 90.0 | period 0.0 180.0
 0 0 0 0 0 0 0 0 0 0 0 0 0 0 0 0 0 0 653 169 28 6 3 1 3 2 1 0 0 0 0 0 0 0 0 0

MIMUMBA 63.2
C.ar (H) | ~C.ar (~C.ar (Hev)) | -O.3 | -C.3 (C H H) | expand 0.0 180.0
 0 0 0 0 0 0 0 0 0 0 0 0 0 0 0 0 0 0 104 113 26 6 3 3 0 4 2 1 1 1 0 0 0 0 0 0

MIMUMBA 1.2
C.ar (H) | ~C.ar (~C.ar (Hev)) | -O.3 | -C.3 | expand 0.0 180.0
 0 0 0 0 0 0 0 0 0 0 0 0 0 0 0 0 0 0 660 599 93 18 6 4 8 6 5 3 4 8 2 0 0 1 2 0

MIMUMBA 63.3
C.ar (Hev) | ~C.ar (~C.ar (Hev)) | -O.3 | -C.3 (C H H) | expand 0.0 90.0 | period 0.0 180.0
 0 0 0 0 0 0 0 0 0 0 0 0 0 0 0 0 0 0 0 0 0 0 0 0 86 190 239 194 0 0 0 0 0 0 0 0

MIMUMBA 1.3
C.ar (Hev) | ~C.ar (~C.ar (Hev)) | -O.3 | -C.3 | expand 0.0 90.0 | period 0.0 180.0
 0 0 0 0 0 0 0 0 0 0 0 0 0 0 0 0 0 0 5 9 4 11 7 39 82 143 194 58 0 0 0 0 0 0 0 0

MIMUMBA 113.1
C.ar (H) | ~C.ar (~C.ar (H)) | -P.3 (O O) | -C | expand 0.0 180.0
 0 0 0 0 0 0 0 0 0 0 0 0 0 0 0 0 0 0 0 0 2 0 2 3 4 15 11 0 0 0 0 0 0 0 0 0

MIMUMBA 23.1
C.ar (H) | ~C.ar (~C.ar (H)) | -S.3 | -C | expand 0.0 90.0 | period 0.0 180.0
 0 0 0 0 0 0 0 0 0 0 0 0 0 0 0 0 0 0 14 16 14 14 12 14 12 15 27 5 0 0 0 0 0 0 0 0

MIMUMBA 23.2
C.ar (H) | ~C.ar (~C.ar (Hev)) | -S.3 | -C | expand 0.0 180.0
 0 0 0 0 0 0 0 0 0 0 0 0 0 0 0 0 0 0 13 26 8 2 0 0 2 1 0 3 3 7 3 0 0 0 0 0

MIMUMBA 23.3
C.ar (Hev) | ~C.ar (~C.ar (Hev)) | -S.3 | -C | expand 0.0 90.0 | period 0.0 180.0
 0 0 0 0 0 0 0 0 0 0 0 0 0 0 0 0 0 0 0 0 0 0 9 15 7 1 4 4 0 0 0 0 0 0 0 0

MIMUMBA 67.1
C.ar (H) | ~C.ar (~C.ar (H)) | -S.o (=O.2) | -C | expand 0.0 90.0 | period 0.0 180.0
 0 0 0 0 0 0 0 0 0 0 0 0 0 0 0 0 0 0 0 0 1 0 2 0 1 10 6 11 0 0 0 0 0 0 0 0

MIMUMBA 67.2
C.ar (Hev) | ~C.ar (~C.ar (H)) | -S.o (=O.2) | -C | expand 0.0 180.0
 0 0 0 0 0 0 0 0 0 0 0 0 0 0 0 0 0 0 0 0 0 0 0 2 2 0 0 2 9 0 0 1 0 0 0 0

MIMUMBA 67.3
C.ar (Hev) | ~C.ar (~C.ar (Hev)) | -S.o (=O.2) | -C | expand 0.0 90.0 | period 0.0 180.0
 0 0 0 0 0 0 0 0 0 0 0 0 0 0 0 0 0 0 0 0 0 0 0 1 0 0 0 2 0 0 0 0 0 0 0 0

MIMUMBA 31.1
C.ar (H) | ~C.ar (~C.ar (H)) | -S.o2 (=O.2 =O.2) | -C | expand 0.0 90.0 | period 0.0 180.0
 0 0 0 0 0 0 0 0 0 0 0 0 0 0 0 0 0 0 0 0 0 0 2 2 21 31 86 23 0 0 0 0 0 0 0 0

MIMUMBA 31.2
C.ar (Hev) | ~C.ar (~C.ar (H)) | -S.o2 (=O.2 =O.2) | -C | expand 0.0 180.0
 0 0 0 0 0 0 0 0 0 0 0 0 0 0 0 0 0 0 0 0 0 0 0 1 1 1 0 0 3 1 2 0 1 0 0 0

MIMUMBA 31.3
C.ar (Hev) | ~C.ar (~C.ar (Hev)) | -S.o2 (=O.2 =O.2) | -C | expand 0.0 90.0 | period 0.0 180.0
 0 0 0 0 0 0 0 0 0 0 0 0 0 0 0 0 0 0 0 0 0 0 0 1 4 2 0 2 0 0 0 0 0 0 0 0

MIMUMBA 76.1
Cl | -C.3 (H H) | -C.3 (H H) | -Cl | expand 0.0 180.0
 12 0 0 0 0 0 0 0 0 0 0 0 0 0 0 0 0 0 0 1 0 1 2 2 4 3 6 1 0 0 0 0 1 0 0 0

MIMUMBA 36.1
F | -C.3 (F F) | -C.2 (H) | =C.2 | expand 0.0 60.0 | period 0.0 120.0
 0 0 0 0 0 0 0 0 0 0 0 0 0 0 0 0 0 0 0 0 0 2 4 9 3 0 0 0 0 0 0 0 0 0 0 0

MIMUMBA 36.2
F | -C.3 (F F) | -C.2 (Hev) | =C.2 | expand 0.0 60.0 | period 0.0 120.0
 0 0 0 0 0 0 0 0 0 0 0 0 0 0 0 0 0 0 20 11 18 5 9 4 5 0 0 0 0 0 0 0 0 0 0 0

MIMUMBA 13.1
F | -C.3 (F F) | -C.ar (~C.ar (H)) | ~C.ar (H) | expand 0.0 30.0 | period 0.0 60.0
 0 0 0 0 0 0 0 0 0 0 0 0 0 0 0 0 0 0 21 74 60 19 0 0 0 0 0 0 0 0 0 0 0 0 0 0

MIMUMBA 13.2
F | -C.3 (F F) | -C.ar (~C.ar (Hev)) | ~C.ar (H) | expand 0.0 60.0 | period 0.0 120.0
 0 0 0 0 0 0 0 0 0 0 0 0 0 0 0 0 0 0 6 11 1 0 0 0 0 0 0 0 0 0 0 0 0 0 0 0

MIMUMBA 13.3
F | -C.3 (F F) | -C.ar (~C.ar (Hev)) | ~C.ar (Hev) | expand 0.0 30.0 | period 0.0 60.0
 0 0 0 0 0 0 0 0 0 0 0 0 0 0 0 0 0 0 1 6 11 9 0 0 0 0 0 0 0 0 0 0 0 0 0 0

MIMUMBA 43.1
H | -C.3 (C C) | -C.2 (H) | =C.2 | expand 0.0 180.0
 7 0 0 0 0 0 0 0 0 0 0 0 0 0 0 0 0 0 12 18 6 3 2 10 8 3 4 23 4 2 3 9 6 4 6 12

MIMUMBA 43.2
H | -C.3 (C C) | -C.2 (Hev) | =C.2 | expand 0.0 180.0
 6 0 0 0 0 0 0 0 0 0 0 0 0 0 0 0 0 0 6 5 4 4 2 2 5 5 2 5 4 1 6 5 0 4 2 2

MIMUMBA 4.1
H | -C.3 (C C) | -C.ar (~C.ar (H)) | ~C.ar (H) | expand 0.0 90.0 | period 0.0 180.0
 0 0 0 0 0 0 0 0 0 0 0 0 0 0 0 0 0 0 95 83 56 45 23 19 26 6 6 4 0 0 0 0 0 0 0 0

MIMUMBA 4.2
H | -C.3 (C C) | -C.ar (~C.ar (Hev)) | ~C.ar (H) | expand 0.0 180.0
 32 0 0 0 0 0 0 0 0 0 0 0 0 0 0 0 0 0 32 32 31 22 11 1 1 1 0 1 1 0 4 2 14 31 29 39

MIMUMBA 4.3
H | -C.3 (C C) | -C.ar (~C.ar (Hev)) | ~C.ar (Hev) | expand 0.0 90.0 | period 0.0 180.0
 0 0 0 0 0 0 0 0 0 0 0 0 0 0 0 0 0 0 30 10 6 9 8 2 1 0 0 0 0 0 0 0 0 0 0 0

MIMUMBA 130.1
H | -N (H H) | -C.2 (O.2) | -C | expand 0.0 90.0 | period 0.0 180.0
 0 0 0 0 0 0 0 0 0 0 0 0 0 0 0 0 0 0 57 31 6 2 2 0 1 0 0 1 0 0 0 0 0 0 0 0

MIMUMBA 130.1
H | -N (H) | -C.2 (O.2) | -C | expand 0.0 90.0 | period 0.0 180.0
 0 0 0 0 0 0 0 0 0 0 0 0 0 0 0 0 0 0 57 31 6 2 2 0 1 0 0 1 0 0 0 0 0 0 0 0

MIMUMBA 83.1
N.2 | =C.2 (N) | -C.ar (~C.ar (H)) | ~C.ar (H) | expand 0.0 90.0 | period 0.0 180.0
 0 0 0 0 0 0 0 0 0 0 0 0 0 0 0 0 0 0 0 4 7 6 6 1 0 0 0 0 0 0 0 0 0 0 0 0

MIMUMBA 104.2
N | -C.2 (=O.2) | -C.3 (C H) | -C | expand 0.0 90.0 | period 0.0 180.0
 0 0 0 0 0 0 0 0 0 0 0 0 0 0 0 0 0 0 155 187 144 122 107 110 181 172 128 61 0 0 0 0 0 0 0 0

MIMUMBA 123.3
N | -C.2 (=O.2) | -C.3 (N H) | -C | expand 0.0 180.0
 56 0 0 0 0 0 0 0 0 0 0 0 0 0 0 0 0 0 54 113 32 20 19 25 83 143 294 306 288 386 352 168 134 158 183 158

MIMUMBA 123.1
N | -C.3 (C H) | -C.2 (=O.2) | -N | expand 0.0 180.0
 66 0 0 0 0 0 0 0 0 0 0 0 0 0 0 0 0 0 299 321 268 302 248 168 42 53 27 30 40 56 157 209 196 171 206 113

MIMUMBA 127.1
N | -C.3 (H H) | -C.2 (=O.2) | -N | expand 0.0 180.0
 45 0 0 0 0 0 0 0 0 0 0 0 0 0 0 0 0 0 66 43 46 23 4 2 16 37 2 5 6 3 3 11 16 23 56 82

MIMUMBA 40.1
N | -C.3 (H H) | -C.2 (H) | =C.2 | expand 0.0 180.0
 0 0 0 0 0 0 0 0 0 0 0 0 0 0 0 0 0 0 2 3 0 0 0 0 0 0 0 0 0 0 0 6 2 0 0 0

MIMUMBA 70.1/
N (H H) | -C.3 (H H) | -C.3 (H H) | -C | expand 0.0 180.0
 76 0 0 0 0 0 0 0 0 0 0 0 0 0 0 0 0 0 0 0 0 0 0 2 23 27 5 0 0 0 0 0 0 0 4 42

MIMUMBA 92.2
N | -C.3 (C H) | -C.3 (H H) | -C | expand 0.0 180.0
 59 0 0 0 0 0 0 0 0 0 0 0 0 0 0 0 0 0 0 0 0 0 3 31 195 110 26 5 2 0 1 0 1 7 15 83

MIMUMBA 92.3
N | -C.3 (H C.2) | -C.3 (H H) | -C | expand 0.0 180.0
 0 0 0 0 0 0 0 0 0 0 0 0 0 0 0 0 0 0 0 0 0 0 0 0 4 5 0 0 0 0 0 0 0 0 0 3

MIMUMBA 6.1/
N | -C.3 (H H) | -C.ar (~C.ar (H)) | ~C.ar (H) | expand 0.0 90.0 | period 0.0 180.0
 0 0 0 0 0 0 0 0 0 0 0 0 0 0 0 0 0 0 0 22 35 78 63 75 51 92 165 59 0 0 0 0 0 0 0 0

MIMUMBA 6.2/
N | -C.3 (H H) | -C.ar (~C.ar (Hev)) | ~C.ar (H) | expand 0.0 180.0
 1 0 0 0 0 0 0 0 0 0 0 0 0 0 0 0 0 0 0 2 5 4 4 4 0 0 6 7 11 9 1 0 0 0 0 0

MIMUMBA 6.3/
N | -C.3 (H H) | -C.ar (~C.ar (Hev)) | ~C.ar (Hev) | expand 0.0 90.0 | period 0.0 180.0
 0 0 0 0 0 0 0 0 0 0 0 0 0 0 0 0 0 0 0 0 1 1 2 4 10 14 6 1 0 0 0 0 0 0 0 0

MIMUMBA 115.1
N | -N.3 (H) | -C.3 (H H) | -C | expand 0.0 180.0
 4 0 0 0 0 0 0 0 0 0 0 0 0 0 0 0 0 0 0 0 0 0 0 0 0 0 3 1 2 0 0 0 0 0 0 1

MIMUMBA 115.2
N | -N.3 | -C.3 | -C | expand 0.0 180.0
 73 0 0 0 0 0 0 0 0 0 0 0 0 0 0 0 0 0 12 2 1 2 0 0 6 6 3 2 3 0 0 1 1 2 3 35

MIMUMBA 122.1
N | -N (H) | -C.ar (~C.ar (H)) | ~C.ar (H) | expand 0.0 90.0 | period 0.0 180.0
 0 0 0 0 0 0 0 0 0 0 0 0 0 0 0 0 0 0 0 0 0 2 0 0 9 4 0 2 0 0 0 0 0 0 0 0

MIMUMBA 122.2
N | -N (H) | -C.ar (~C.ar (Hev)) | ~C.ar (H) | expand 0.0 180.0
 1 0 0 0 0 0 0 0 0 0 0 0 0 0 0 0 0 0 0 0 0 0 0 2 1 0 1 0 1 0 0 0 0 0 0 1

MIMUMBA 122.3
N | -N (H) | -C.ar (~C.ar (Hev)) | ~C.ar (Hev) | expand 0.0 90.0 | period 0.0 180.0
 0 0 0 0 0 0 0 0 0 0 0 0 0 0 0 0 0 0 0 0 0 0 1 0 3 0 0 0 0 0 0 0 0 0 0 0

MIMUMBA 32.1
N | -S.o2 (=O.2 =O.2) | -C.ar (~C.ar (H)) | ~C.ar (H) | expand 0.0 90.0 | period 0.0 180.0
 0 0 0 0 0 0 0 0 0 0 0 0 0 0 0 0 0 0 0 5 4 14 22 36 42 99 147 37 0 0 0 0 0 0 0 0

MIMUMBA 32.2
N | -S.o2 (=O.2 =O.2) | -C.ar (~C.ar (Hev)) | ~C.ar (H) | expand 0.0 180.0
 0 0 0 0 0 0 0 0 0 0 0 0 0 0 0 0 0 0 1 4 0 0 0 0 0 0 0 0 1 14 10 1 0 0 0 0

MIMUMBA 32.3
N | -S.o2 (=O.2 =O.2) | -C.ar (~C.ar (Hev)) | ~C.ar (Hev) | expand 0.0 90.0 | period 0.0 180.0
 0 0 0 0 0 0 0 0 0 0 0 0 0 0 0 0 0 0 0 0 0 0 0 0 0 0 0 1 0 0 0 0 0 0 0 0

MIMUMBA 37.2
O.2 | =C.2 (C) | -C.2 (Hev) | =C.2 | expand 0.0 180.0
 2 0 0 0 0 0 0 0 0 0 0 0 0 0 0 0 0 0 0 2 3 1 3 5 2 2 3 2 1 3 1 3 1 2 2 5

MIMUMBA 56.1
O.2 | =C.2 (H) | -C.2 (H) | =C.2 | expand 0.0 180.0
 7 0 0 0 0 0 0 0 0 0 0 0 0 0 0 0 0 0 1 0 0 0 0 0 0 0 0 0 0 0 0 0 0 0 0 1

MIMUMBA 38.1
O.2 | =C.2 (N) | -C.2 (H) | =C.2 | expand 0.0 180.0
 1 0 0 0 0 0 0 0 0 0 0 0 0 0 0 0 0 0 14 13 7 0 0 0 0 0 0 1 0 0 0 0 0 0 0 0

MIMUMBA 38.2
O.2 | =C.2 (N) | -C.2 (Hev) | =C.2 | expand 0.0 180.0
 0 0 0 0 0 0 0 0 0 0 0 0 0 0 0 0 0 0 0 2 3 0 0 0 0 0 0 2 0 2 1 1 2 1 0 0

MIMUMBA 21.1
O.2 | =C.2 (O.3) | -C.2 (H) | =C.2 | expand 0.0 180.0
 45 0 0 0 0 0 0 0 0 0 0 0 0 0 0 0 0 0 33 26 4 0 0 0 0 1 0 0 1 3 0 1 0 1 6 21

MIMUMBA 21.2
O.2 | =C.2 (O.3) | -C.2 (Hev) | =C.2 | expand 0.0 180.0
 9 0 0 0 0 0 0 0 0 0 0 0 0 0 0 0 0 0 1 4 0 1 0 0 0 0 0 0 0 0 0 0 0 2 0 1

MIMUMBA 87.1
O.2 | =C.2 (C) | -C.2 (O.3) | =O.2 | expand 0.0 180.0
 0 0 0 0 0 0 0 0 0 0 0 0 0 0 0 0 0 0 3 1 0 0 0 0 0 0 0 0 0 0 0 0 0 0 1 0

MIMUMBA 55.1
O.2 | =C.2 (H) | -C.3 (H H) | -C | expand 0.0 180.0
 0 0 0 0 0 0 0 0 0 0 0 0 0 0 0 0 0 0 0 2 0 1 0 1 1 0 0 0 0 1 0 0 0 0 0 1

MIMUMBA 123.4
O.2 | =C.2 (N) | -C.3 (N H) | -C | expand 0.0 180.0
 49 0 0 0 0 0 0 0 0 0 0 0 0 0 0 0 0 0 48 110 166 170 161 191 389 407 308 326 254 117 69 24 15 19 56 93

MIMUMBA 84.1
O.2 | =C.2 (O.3) | -C.3 (H H) | -C | expand 0.0 180.0
 10 0 0 0 0 0 0 0 0 0 0 0 0 0 0 0 0 0 83 124 56 40 21 17 28 15 7 10 6 25 11 13 16 17 18 11

MIMUMBA 123.2
O.2 | =C.2 (-N) | -C.3 (C H) | -N | expand 0.0 180.0
 314 0 0 0 0 0 0 0 0 0 0 0 0 0 0 0 0 0 52 101 176 188 217 212 161 82 40 23 30 58 40 80 239 310 293 356

MIMUMBA 14.1
O.2 | =C.2 (C) | -C.ar (~C.ar (H)) | ~C.ar (H) | expand 0.0 90.0 | period 0.0 180.0
 0 0 0 0 0 0 0 0 0 0 0 0 0 0 0 0 0 0 192 139 63 73 27 9 2 6 3 0 0 0 0 0 0 0 0 0

MIMUMBA 14.2
O.2 | =C.2 (C) | -C.ar (~C.ar (Hev)) | ~C.ar (H) | expand 0.0 180.0
 13 0 0 0 0 0 0 0 0 0 0 0 0 0 0 0 0 0 1 3 2 2 4 2 4 6 3 2 1 3 3 0 3 1 5 14

MIMUMBA 14.3
O.2 | =C.2 (C) | -C.ar (~C.ar (Hev)) | ~C.ar (Hev) | expand 0.0 90.0 | period 0.0 180.0
 0 0 0 0 0 0 0 0 0 0 0 0 0 0 0 0 0 0 8 3 2 1 3 3 8 3 10 2 0 0 0 0 0 0 0 0

MIMUMBA 71.1
O.2 | =C.2 (H) | -C.ar (~C.ar (H)) | ~C.ar (H) | expand 0.0 90.0 | period 0.0 180.0
 0 0 0 0 0 0 0 0 0 0 0 0 0 0 0 0 0 0 16 4 1 0 0 0 0 0 0 0 0 0 0 0 0 0 0 0

MIMUMBA 71.2
O.2 | =C.2 (H) | -C.ar (~C.ar (Hev)) | ~C.ar (H) | expand 0.0 180.0
 6 0 0 0 0 0 0 0 0 0 0 0 0 0 0 0 0 0 8 12 1 3 0 0 0 0 0 0 0 0 0 0 0 0 0 1

MIMUMBA 71.3
O.2 | =C.2 (H) | -C.ar (~C.ar (Hev)) | ~C.ar (Hev) | expand 0.0 90.0 | period 0.0 180.0
 0 0 0 0 0 0 0 0 0 0 0 0 0 0 0 0 0 0 16 5 0 0 0 1 0 0 0 0 0 0 0 0 0 0 0 0

MIMUMBA 15.1
O.2 | =C.2 (N) | -C.ar (~C.ar (H)) | ~C.ar (H) | expand 0.0 90.0 | period 0.0 180.0
 0 0 0 0 0 0 0 0 0 0 0 0 0 0 0 0 0 0 39 43 57 56 34 21 16 9 2 1 0 0 0 0 0 0 0 0

MIMUMBA 15.2
O.2 | =C.2 (N) | -C.ar (~C.ar (Hev)) | ~C.ar (H) | expand 0.0 180.0
 7 0 0 0 0 0 0 0 0 0 0 0 0 0 0 0 0 0 15 12 1 1 3 1 2 5 7 2 1 3 2 4 1 2 2 3

MIMUMBA 15.3
O.2 | =C.2 (N) | -C.ar (~C.ar (Hev)) | ~C.ar (Hev) | expand 0.0 90.0 | period 0.0 180.0
 0 0 0 0 0 0 0 0 0 0 0 0 0 0 0 0 0 0 0 2 1 0 2 0 0 2 3 0 0 0 0 0 0 0 0 0

MIMUMBA 17.1
O.2 | =C.2 (O.3) | -C.ar (~C.ar (H)) | ~C.ar (H) | expand 0.0 90.0 | period 0.0 180.0
 0 0 0 0 0 0 0 0 0 0 0 0 0 0 0 0 0 0 702 373 72 15 3 0 0 0 0 0 0 0 0 0 0 0 0 0

MIMUMBA 17.2
O.2 | =C.2 (O.3) | -C.ar (~C.ar (Hev)) | ~C.ar (H) | expand 0.0 180.0
 62 0 0 0 0 0 0 0 0 0 0 0 0 0 0 0 0 0 18 14 14 6 4 3 4 6 8 2 3 0 6 5 13 27 20 53

MIMUMBA 17.3
O.2 | =C.2 (O.3) | -C.ar (~C.ar (Hev)) | ~C.ar (Hev) | expand 0.0 90.0 | period 0.0 180.0
 0 0 0 0 0 0 0 0 0 0 0 0 0 0 0 0 0 0 23 14 8 4 11 14 24 24 28 7 0 0 0 0 0 0 0 0

MIMUMBA 54.2
O.2 | =C.2 (C) | -N (H) | -C | expand 0.0 180.0
 0 0 0 0 0 0 0 0 0 0 0 0 0 0 0 0 0 0 841 211 0 0 0 0 0 0 0 0 0 0 0 0 0 0 0 0

MIMUMBA 10.4-
O.2 | =C.2 (C) | -N (H) | -C.ar (C.ar) | expand 0.0 90.0 | period 0.0 180.0
 0 0 0 0 0 0 0 0 0 0 0 0 0 0 0 0 0 0 181 75 8 0 0 0 0 0 0 0 0 0 0 0 0 0 0 0

MIMUMBA 11.4-
O.2 | =C.2 (C) | -O.3 | -C.ar (C.ar) | expand 0.0 90.0 | period 0.0 180.0
 0 0 0 0 0 0 0 0 0 0 0 0 0 0 0 0 0 0 153 35 5 0 0 1 0 0 0 0 0 0 0 0 0 0 0 0

MIMUMBA 131.1
O.2 | =C.2 (-C) | -S.3 | -C | expand 0.0 180.0
 0 0 0 0 0 0 0 0 0 0 0 0 0 0 0 0 0 0 42 18 0 0 0 0 0 0 0 0 0 0 0 0 0 0 0 0

MIMUMBA 18.1
O.2 | =N (=O.2) | -C.ar (~C.ar (H)) | ~C.ar (H) | expand 0.0 90.0 | period 0.0 180.0
 0 0 0 0 0 0 0 0 0 0 0 0 0 0 0 0 0 0 943 621 99 8 0 1 0 0 0 0 0 0 0 0 0 0 0 0

MIMUMBA 18.2
O.2 | =N (=O.2) | -C.ar (~C.ar (Hev)) | ~C.ar (H) | expand 0.0 180.0
 0 0 0 0 0 0 0 0 0 0 0 0 0 0 0 0 0 0 256 175 167 170 127 106 47 16 15 3 0 0 0 0 0 0 0 0

MIMUMBA 18.3
O.2 | =N (=O.2) | -C.ar (~C.ar (Hev)) | ~C.ar (Hev) | expand 0.0 90.0 | period 0.0 180.0
 0 0 0 0 0 0 0 0 0 0 0 0 0 0 0 0 0 0 16 4 6 2 4 17 17 12 15 5 0 0 0 0 0 0 0 0

MIMUMBA 114.1
O.2 | =P.3 (C C) | -C.ar (~C.ar (H)) | ~C.ar (H) | expand 0.0 90.0 | period 0.0 180.0
 0 0 0 0 0 0 0 0 0 0 0 0 0 0 0 0 0 0 36 47 58 39 18 10 13 16 3 0 0 0 0 0 0 0 0 0

MIMUMBA 114.2
O.2 | =P.3 (C C) | -C.ar (~C.ar (Hev)) | ~C.ar (H) | expand 0.0 180.0
 1 0 0 0 0 0 0 0 0 0 0 0 0 0 0 0 0 0 1 2 0 0 0 0 0 0 5 0 1 0 1 4 6 0 2 1

MIMUMBA 112.1
O.2 | =P.3 (O.3 O.3) | -C.ar (~C.ar (H)) | ~C.ar (H) | expand 0.0 90.0 | period 0.0 180.0
 0 0 0 0 0 0 0 0 0 0 0 0 0 0 0 0 0 0 0 2 0 0 2 1 0 1 1 1 0 0 0 0 0 0 0 0

MIMUMBA 91.1
O.3 | -C.2 (=O.2) | -C.3 (C H) | -N | expand 0.0 180.0
 37 0 0 0 0 0 0 0 0 0 0 0 0 0 0 0 0 0 8 15 14 22 11 11 2 1 1 1 1 0 0 6 8 36 43 68

MIMUMBA 89.1
O.3 | -C.3 (C C) | -C.2 (=O.2) | -O.3 | expand 0.0 180.0
 8 0 0 0 0 0 0 0 0 0 0 0 0 0 0 0 0 0 0 1 2 0 0 1 0 0 0 0 0 0 0 0 0 0 3 10

MIMUMBA 41.2
O.3 (C) | -C.3 (H H) | -C.2 (C) | =C.2 | expand 0.0 180.0
 1 0 0 0 0 0 0 0 0 0 0 0 0 0 0 0 0 0 0 1 0 0 0 0 0 0 2 1 0 1 6 0 0 0 0 3

MIMUMBA 41.1
O.3 (C) | -C.3 (H H) | -C.2 (H) | =C.2 | expand 0.0 180.0
 0 0 0 0 0 0 0 0 0 0 0 0 0 0 0 0 0 0 0 0 1 0 0 0 0 1 0 2 0 2 2 5 1 1 1 2

MIMUMBA 60.1
O.3 | -C.3 (H H) | -C.2 (H) | =C.2 | expand 0.0 180.0
 1 0 0 0 0 0 0 0 0 0 0 0 0 0 0 0 0 0 1 0 0 0 0 0 0 0 0 0 0 0 0 1 3 0 1 0

MIMUMBA 109.1
O.3 | -C.3 | -C.3 (H H) | -C.2 (=O.2 O.3) | expand 0.0 180.0
 10 0 0 0 0 0 0 0 0 0 0 0 0 0 0 0 0 0 7 7 4 2 2 6 15 12 2 6 0 1 5 3 2 3 2 5

MIMUMBA 109.1
O.3 | -C.3 | -C.3 (H H) | -C.2 (O.co2 O.co2) | expand 0.0 180.0
 10 0 0 0 0 0 0 0 0 0 0 0 0 0 0 0 0 0 7 7 4 2 2 6 15 12 2 6 0 1 5 3 2 3 2 5

MIMUMBA 79.1
O.3 | -C.3 (C C) | -C.3 (H H) | -C | expand 0.0 180.0
 8 0 0 0 0 0 0 0 0 0 0 0 0 0 0 0 0 0 0 0 0 0 1 19 42 11 4 1 0 1 1 0 0 1 0 2

MIMUMBA 80.1
O.3 | -C.3 (C H) | -C.3 (H H) | -C | expand 0.0 180.0
 9 0 0 0 0 0 0 0 0 0 0 0 0 0 0 0 0 0 0 0 0 0 3 12 58 41 5 1 2 2 4 3 0 1 0 9

MIMUMBA 61.1
O.3 | -C.3 (H H) | -C.3 (H H) | -C | expand 0.0 180.0
 19 0 0 0 0 0 0 0 0 0 0 0 0 0 0 0 0 0 0 1 1 0 0 8 25 30 7 1 1 1 0 0 0 0 2 17

MIMUMBA 108.1
O.3 | -C.3 (H H) | -C.3 (H O.3) | -C | expand 0.0 180.0
 53 0 0 0 0 0 0 0 0 0 0 0 0 0 0 0 0 0 0 0 0 0 2 45 77 26 4 0 0 0 0 0 0 0 9 70

MIMUMBA 95.1/105.1
O.3 | -C.3 (H H) | -C.3 (H H) | -N | expand 0.0 180.0
 25 0 0 0 0 0 0 0 0 0 0 0 0 0 0 0 0 0 1 3 1 1 4 34 107 101 59 18 7 1 0 0 0 0 3 31

MIMUMBA 108.1
O.3 | -C.3 (H H) | -C.3 (C H) | -O.3 | expand 0.0 180.0
 16 0 0 0 0 0 0 0 0 0 0 0 0 0 0 0 0 0 0 0 0 0 2 19 106 99 10 1 0 0 0 0 0 0 0 33

MIMUMBA 5.1/
O.3 | -C.3 (H H) | -C.ar (~C.ar (H)) | ~C.ar (H) | expand 0.0 90.0 | period 0.0 180.0
 0 0 0 0 0 0 0 0 0 0 0 0 0 0 0 0 0 0 22 35 18 26 25 22 40 47 55 5 0 0 0 0 0 0 0 0

MIMUMBA 5.2/
O.3 | -C.3 (H H) | -C.ar (~C.ar (Hev)) | ~C.ar (H) | expand 0.0 180.0
 0 0 0 0 0 0 0 0 0 0 0 0 0 0 0 0 0 0 9 6 4 0 2 0 1 1 2 2 3 2 4 0 0 0 0 0

MIMUMBA 5.3/
O.3 | -C.3 (H H) | -C.ar (~C.ar (Hev)) | ~C.ar (Hev) | expand 0.0 90.0 | period 0.0 180.0
 0 0 0 0 0 0 0 0 0 0 0 0 0 0 0 0 0 0 0 0 0 0 0 0 0 0 0 1 0 0 0 0 0 0 0 0

MIMUMBA 128.1
O.3 (C) | -C.3 (C H) | -N (C) | -C.2 | expand 0.0 180.0
 28 0 0 0 0 0 0 0 0 0 0 0 0 0 0 0 0 0 33 82 94 78 80 137 146 121 74 78 96 116 121 105 82 85 141 117

MIMUMBA 116.1
O.3 | -C.3 (H H) | -O.3 | -C | expand 0.0 180.0
 3 0 0 0 0 0 0 0 0 0 0 0 0 0 0 0 0 0 0 0 0 0 0 1 13 35 32 12 5 0 1 0 0 1 0 1

MIMUMBA 77.1
O.3 | -P.3 (O O) | -O.3 | -C | expand 0.0 180.0
 0 0 0 0 0 0 0 0 0 0 0 0 0 0 0 0 0 0 0 0 0 0 0 1 9 5 1 0 0 0 0 0 0 0 2 3

MIMUMBA 30.1
O.3 | -S.o2 (=O.2 =O.2) | -C.ar (~C.ar (H)) | ~C.ar (H) | expand 0.0 90.0 | period 0.0 180.0
 0 0 0 0 0 0 0 0 0 0 0 0 0 0 0 0 0 0 0 0 0 3 5 11 8 36 46 8 0 0 0 0 0 0 0 0

MIMUMBA 30.2
O.3 | -S.o2 (=O.2 =O.2) | -C.ar (~C.ar (Hev)) | ~C.ar (H) | expand 0.0 180.0
 0 0 0 0 0 0 0 0 0 0 0 0 0 0 0 0 0 0 0 0 0 0 3 2 6 5 0 0 0 0 0 1 1 0 0 2

MIMUMBA 30.3
O.3 | -S.o2 (=O.2 =O.2) | -C.ar (~C.ar (Hev)) | ~C.ar (Hev) | expand 0.0 90.0 | period 0.0 180.0
 0 0 0 0 0 0 0 0 0 0 0 0 0 0 0 0 0 0 0 0 0 0 1 1 4 1 1 0 0 0 0 0 0 0 0 0

MIMUMBA 87.1
O.co2 | ~C.2 | -C.2 (C) | =O.2 | expand 0.0 90.0 | period 0.0 180.0
 0 0 0 0 0 0 0 0 0 0 0 0 0 0 0 0 0 0 3 1 1 0 0 0 0 0 0 0 0 0 0 0 0 0 0 0

MIMUMBA 84.1
O.co2 | ~C.2 | -C.3 (H H) | -C | expand 0.0 90.0 | period 0.0 180.0
 0 0 0 0 0 0 0 0 0 0 0 0 0 0 0 0 0 0 93 135 74 57 37 30 39 40 13 10 0 0 0 0 0 0 0 0

MIMUMBA 91.1
O.co2 | ~C.2 | -C.3 (C H) | -N | expand 0.0 90.0 | period 0.0 180.0
 0 0 0 0 0 0 0 0 0 0 0 0 0 0 0 0 0 0 45 83 57 58 19 17 2 1 2 1 0 0 0 0 0 0 0 0

MIMUMBA 89.1
O.co2 | ~C.2 | -C.3 (C C) | -O.3 | expand 0.0 90.0 | period 0.0 180.0
 0 0 0 0 0 0 0 0 0 0 0 0 0 0 0 0 0 0 4 11 3 0 0 1 0 0 0 0 0 0 0 0 0 0 0 0

MIMUMBA 17.1
O.co2 | ~C.2 | -C.ar (~C.ar (H)) | ~C.ar (H) | expand 0.0 90.0 | period 0.0 180.0
 0 0 0 0 0 0 0 0 0 0 0 0 0 0 0 0 0 0 702 373 72 15 3 0 0 0 0 0 0 0 0 0 0 0 0 0

MIMUMBA 17.2
O.co2 | ~C.2 | -C.ar (~C.ar (Hev)) | ~C.ar (H) | expand 0.0 90.0 | period 0.0 180.0
 0 0 0 0 0 0 0 0 0 0 0 0 0 0 0 0 0 0 80 67 34 33 17 8 10 6 11 2 0 0 0 0 0 0 0 0

MIMUMBA 17.3
O.co2 | ~C.2 | -C.ar (~C.ar (Hev)) | ~C.ar (Hev) | expand 0.0 90.0 | period 0.0 180.0
 0 0 0 0 0 0 0 0 0 0 0 0 0 0 0 0 0 0 23 14 8 4 11 14 24 24 28 7 0 0 0 0 0 0 0 0

MIMUMBA 78.1
P.3 (O O) | -O.3 | -C.3 (H H) | -C | expand 0.0 180.0
 2 0 0 0 0 0 0 0 0 0 0 0 0 0 0 0 0 0 0 0 0 0 0 0 0 0 0 0 0 0 0 0 0 1 5 5

MIMUMBA 110.1
P.3 (O O) | -O.3 | -P.3 (O O) | -O.3 | expand 0.0 180.0
 1 0 0 0 0 0 0 0 0 0 0 0 0 0 0 0 0 0 0 2 0 2 0 2 1 2 4 2 1 2 4 2 1 0 3 1

MIMUMBA 99.1
S.3 | -C.3 (H H) | -C.3 (H H) | -C | expand 0.0 180.0
 80 0 0 0 0 0 0 0 0 0 0 0 0 0 0 0 0 0 0 0 0 0 0 5 16 27 12 1 0 0 0 0 1 3 12 67

MIMUMBA 100.1
S.3 | -S.3 | -C.3 (H H) | -C | expand 0.0 180.0
 1 0 0 0 0 0 0 0 0 0 0 0 0 0 0 0 0 0 0 0 0 0 0 4 22 17 15 11 4 1 0 1 0 1 0 5

MIMUMBA 125.1
S | -C.3 (H H) | -C.ar (~C.ar (H)) | ~C.ar (H) | expand 0.0 90.0 | period 0.0 180.0
 0 0 0 0 0 0 0 0 0 0 0 0 0 0 0 0 0 0 0 3 0 0 3 9 18 33 58 49 0 0 0 0 0 0 0 0

MIMUMBA 125.2
S | -C.3 (H H) | -C.ar (~C.ar (Hev)) | ~C.ar (H) | expand 0.0 180.0
 0 0 0 0 0 0 0 0 0 0 0 0 0 0 0 0 0 0 0 0 0 0 0 0 0 1 0 3 0 0 0 0 0 0 0 0

MIMUMBA 125.3
S | -C.3 (H H) | -C.ar (~C.ar (Hev)) | ~C.ar (Hev) | expand 0.0 90.0 | period 0.0 180.0
 0 0 0 0 0 0 0 0 0 0 0 0 0 0 0 0 0 0 0 0 0 0 0 0 0 0 5 15 0 0 0 0 0 0 0 0

MIMUMBA 126.1
S | -O.3 | -C.ar (~C.ar (H)) | ~C.ar (H) | expand 0.0 90.0 | period 0.0 180.0
 0 0 0 0 0 0 0 0 0 0 0 0 0 0 0 0 0 0 0 0 0 0 0 0 2 0 0 0 0 0 0 0 0 0 0 0

MIMUMBA 126.2
S | -O.3 | -C.ar (~C.ar (Hev)) | ~C.ar (H) | expand 0.0 180.0
 0 0 0 0 0 0 0 0 0 0 0 0 0 0 0 0 0 0 0 0 0 0 0 0 0 1 5 1 0 0 0 0 0 0 0 0

MIMUMBA 126.3
S | -O.3 | -C.ar (~C.ar (Hev)) | ~C.ar (Hev) | expand 0.0 90.0 | period 0.0 180.0
 0 0 0 0 0 0 0 0 0 0 0 0 0 0 0 0 0 0 0 0 0 0 0 0 0 0 6 5 0 0 0 0 0 0 0 0

MIMUMBA 53.2
S.o2 (=O.2 =O.2) | -N | -C.3 (H H) | -C | expand 0.0 180.0
 36 0 0 0 0 0 0 0 0 0 0 0 0 0 0 0 0 0 10 2 0 1 0 0 5 11 23 39 41 30 20 30 28 34 46 48

MIMUMBA 121.1
S.o2 (=O.2 =O.2) | -N (H) | -C.ar (~C.ar (H)) | ~C.ar (H) | expand 0.0 90.0 | period 0.0 180.0
 0 0 0 0 0 0 0 0 0 0 0 0 0 0 0 0 0 0 4 1 5 2 1 5 1 5 4 3 0 0 0 0 0 0 0 0

MIMUMBA 121.2
S.o2 (=O.2 =O.2) | -N (H) | -C.ar (~C.ar (H)) | ~C.ar (Hev) | expand 0.0 180.0
 0 0 0 0 0 0 0 0 0 0 0 0 0 0 0 0 0 0 0 0 0 0 0 0 0 0 0 0 0 4 3 1 1 6 7 0

MIMUMBA 121.3
S.o2 (=O.2 =O.2) | -N (H) | -C.ar (~C.ar (Hev)) | ~C.ar (Hev) | expand 0.0 90.0 | period 0.0 180.0
 0 0 0 0 0 0 0 0 0 0 0 0 0 0 0 0 0 0 0 0 0 0 0 0 0 0 1 0 0 0 0 0 0 0 0 0


END_TORSIONS
