  1  64682.64      7.23      0.86      4.23     92.62    408.91      0.00
  2  67152.82      7.43      0.38      4.73     99.97    426.73      0.00
  3  66870.12      8.05      0.84      4.09     86.70    419.62      0.00
  4  69187.61      9.75      1.12      4.04    101.41    410.71      0.00
  5  67934.08      7.44      0.42      4.90     82.95    427.61      0.00
  6  66963.20      7.45      1.01      4.22     87.17    424.79      0.00
  7  69003.93      8.39      0.72      4.65    115.01    425.90      0.00
  8  67377.55      6.77      0.95      4.69     69.20    428.29      0.00
  9  71050.87      9.69      0.81      4.42     91.96    425.41      0.00
 10  69886.71      8.19      0.85      5.05     66.95    421.15      0.00
 11  66496.60      8.89      0.68      4.16     69.24    400.36      0.00
