  1  64682.64      7.23      0.86      4.23     92.62    408.91      0.00
  2  67152.82      7.43      0.38      4.73     99.97    426.73      0.00
  3  66870.12      8.05      0.84      4.09     86.70    419.62      0.00
  4  69187.61      9.75      1.12      4.04    101.41    410.71      0.00
  5  67934.08      7.44      0.42      4.90     82.95    427.61      0.00
  6  66963.20      7.45      1.01      4.22     87.17    424.79      0.00
  7  69003.93      8.39      0.72      4.65    115.01    425.90      0.00
  8  67377.55      6.77      0.95      4.69     69.20    428.29      0.00
  9  71050.87      9.69      0.81      4.42     91.96    425.41      0.00
 10  69886.71      8.19      0.85      5.05     66.95    421.15      0.00
 11  66496.60      8.89      0.68      4.16     69.24    400.36      0.00
 12  66374.79      6.58      0.54      4.92     78.28    424.17      0.00
 13  68508.28      7.48      0.75      5.21     89.38    419.72      0.00
 14  68683.10      9.59      0.76      3.82     84.41    418.75      0.00
 15  67348.21      7.84      0.38      4.81     63.16    415.69      0.00
 16  61682.89      5.85      0.31      4.21     71.03    411.04      0.00
 17  67123.06      6.94      0.74      4.96     81.33    420.85      0.00
 18  64391.33      6.39      0.54      4.76     81.78    411.75      0.00
 19  60978.82      5.58      0.72      3.94     77.41    408.71      0.00
 20  67428.77      7.09      0.50      5.07     92.25    423.83      0.00
 21  64803.42      6.13      0.46      4.65     95.53    426.09      0.00
 22  67476.64      8.34      0.92      4.14     78.54    416.96      0.00
 23  64336.00      7.14      0.61      4.31    142.94    414.32      0.00
 24  67848.72      7.72      1.13      4.52     70.31    417.67      0.00
 25  67714.31      8.41      0.88      4.29     78.07    415.09      0.00
 26  63209.82      5.38      0.84      4.66     98.69    416.67      0.00
 27  69644.39      8.33      0.70      4.76     76.47    426.90      0.00
 28  65901.94      7.14      0.35      4.52     72.94    422.17      0.00
 29  67922.23      7.58      0.73      4.73    123.01    427.85      0.00
 30  67535.54      8.12      0.93      4.17     88.00    421.37      0.00
 31  65406.54      6.52      0.51      4.95     96.73    417.18      0.00
 32  65309.25      7.28      0.75      4.32     87.36    413.14      0.00
 33  68347.42      8.73      0.62      4.61    102.65    415.06      0.00
 34  63275.49      6.84      0.36      3.94     81.91    416.40      0.00
 35  66451.08      7.04      0.36      4.91     62.06    418.64      0.00
 36  68261.43      7.89      0.36      4.86     71.81    423.73      0.00
 37  64794.57      7.33      0.53      4.27     80.25    411.75      0.00
 38  65829.46      7.28      0.62      4.44     91.74    418.00      0.00
 39  65154.25      6.47      0.64      4.44     91.75    425.38      0.00
 40  62012.35      6.77      0.42      3.71     86.55    410.08      0.00
 41  66230.40      8.58      0.45      4.38     84.92    403.15      0.00
 42  63201.48      7.21      0.92      3.43     72.75    411.16      0.00
 43  64354.51      7.06      0.60      4.06     79.36    415.84      0.00
 44  68070.50      8.31      0.80      4.37     80.07    419.99      0.00
 45  68310.62      8.39      0.75      5.04     83.00    405.48      0.00
 46  64707.55      7.29      0.50      4.04     90.57    418.85      0.00
 47  70063.54      8.61      1.27      4.57     99.95    423.56      0.00
 48  70487.59      8.17      0.44      5.30     61.85    427.91      0.00
 49  64914.40      6.38      0.53      4.55     75.60    422.00      0.00
 50  66248.45      6.96      0.27      4.78     88.35    425.34      0.00
 51  67988.98      7.69      0.46      4.79    113.04    428.65      0.00
 52  64759.34      5.99      0.68      4.53     88.52    426.59      0.00
 53  69118.14      8.79      0.56      4.46     81.55    424.16      0.00
 54  66240.23      6.96      0.77      4.74     95.35    418.10      0.00
 55  66695.16      8.35      0.74      3.93     95.73    419.17      0.00
 56  69301.41      8.68      0.28      4.88     89.20    423.09      0.00
 57  63814.27      5.95      0.78      4.62    103.71    415.25      0.00
 58  64835.46      7.30      0.60      4.03     84.54    417.97      0.00
 59  67506.78      7.13      0.93      4.79     70.74    421.36      0.00
 60  64614.16      6.99      0.44      4.38     69.03    413.63      0.00
 61  63935.32      6.22      0.56      4.48     90.52    417.64      0.00
 62  62733.69      5.91      0.68      4.29     72.50    412.00      0.00
 63  64729.87      7.56      0.62      4.08    117.78    413.80      0.00
