  1  64682.64      7.23      0.86      4.23     92.62    408.91      0.00
  2  67152.82      7.43      0.38      4.73     99.97    426.73      0.00
  3  66870.12      8.05      0.84      4.09     86.70    419.62      0.00
  4  69187.61      9.75      1.12      4.04    101.41    410.71      0.00
  5  67934.08      7.44      0.42      4.90     82.95    427.61      0.00
  6  66963.20      7.45      1.01      4.22     87.17    424.79      0.00
  7  69003.93      8.39      0.72      4.65    115.01    425.90      0.00
  8  67377.55      6.77      0.95      4.69     69.20    428.29      0.00
  9  71050.87      9.69      0.81      4.42     91.96    425.41      0.00
 10  69886.71      8.19      0.85      5.05     66.95    421.15      0.00
 11  66496.60      8.89      0.68      4.16     69.24    400.36      0.00
 12  66374.79      6.58      0.54      4.92     78.28    424.17      0.00
 13  68508.28      7.48      0.75      5.21     89.38    419.72      0.00
 14  68683.10      9.59      0.76      3.82     84.41    418.75      0.00
 15  67348.21      7.84      0.38      4.81     63.16    415.69      0.00
 16  61682.89      5.85      0.31      4.21     71.03    411.04      0.00
 17  67123.06      6.94      0.74      4.96     81.33    420.85      0.00
 18  64391.33      6.39      0.54      4.76     81.78    411.75      0.00
 19  60978.82      5.58      0.72      3.94     77.41    408.71      0.00
 20  67428.77      7.09      0.50      5.07     92.25    423.83      0.00
 21  64803.42      6.13      0.46      4.65     95.53    426.09      0.00
 22  67476.64      8.34      0.92      4.14     78.54    416.96      0.00
 23  64336.00      7.14      0.61      4.31    142.94    414.32      0.00
 24  67848.72      7.72      1.13      4.52     70.31    417.67      0.00
 25  67714.31      8.41      0.88      4.29     78.07    415.09      0.00
 26  63209.82      5.38      0.84      4.66     98.69    416.67      0.00
 27  69644.39      8.33      0.70      4.76     76.47    426.90      0.00
 28  65901.94      7.14      0.35      4.52     72.94    422.17      0.00
 29  67922.23      7.58      0.73      4.73    123.01    427.85      0.00
 30  67535.54      8.12      0.93      4.17     88.00    421.37      0.00
 31  65406.54      6.52      0.51      4.95     96.73    417.18      0.00
 32  65309.25      7.28      0.75      4.32     87.36    413.14      0.00
